=== A1-off ===
prefill in 9.71s (2.8 tok/s)
emitted: 90 tokens in 6.79s  (13.25 tok/s)
cycles: 14  committed: 103  accepted: 75  τ=5.357  mean_committed=7.357
decode_tokens_emitted: 90
decode_secs: 6.7939
decode_tok_s: 13.25
decode_tau: 5.3571
accept_rate (accepted / (cycles × (B-1))): 0.357
seed-oracle: cycles=14 full_accept=5 mean_accept_len=5.357 | rej_match=0.000 tail_match=0.000 anypos_match=0.286
DFlash tokens: [71093, 12305, 198, 727, 10562, 17885, 10620, 1590, 198, 262, 413, 2343, 10620, 8, 2564, 220, 16, 198, 71093, 12305, 198, 727, 10562, 17885, 10620, 1590, 198, 262, 413, 2343, 10620, 8, 2564, 220, 16, 198, 71093, 12305, 198, 727, 10562, 17885, 10620, 1590, 198, 262, 413, 2343, 10620, 8, 2564, 220, 16, 198, 71093, 12305, 198, 727, 10562, 17885, 10620, 1590, 198, 262, 413, 2343, 10620, 8, 2564, 220, 16, 198, 71093, 12305, 198, 727, 10562, 17885, 10620, 1590, 198, 262, 413, 2343, 10620, 8, 2564, 220, 16, 248046]
token_sha_short: d3641b29
--- tail ---
histogram: [(0, 9), (1, 0), (2, 0), (3, 0), (4, 0), (5, 0), (6, 0), (7, 0), (8, 0), (9, 0), (10, 0), (11, 0), (12, 0), (13, 0), (14, 0), (15, 5), (16, 0)]
seed-oracle: cycles=14 full_accept=5 mean_accept_len=5.357 | rej_match=0.000 tail_match=0.000 anypos_match=0.286
DFlash tokens: [71093, 12305, 198, 727, 10562, 17885, 10620, 1590, 198, 262, 413, 2343, 10620, 8, 2564, 220, 16, 198, 71093, 12305, 198, 727, 10562, 17885, 10620, 1590, 198, 262, 413, 2343, 10620, 8, 2564, 220, 16, 198, 71093, 12305, 198, 727, 10562, 17885, 10620, 1590, 198, 262, 413, 2343, 10620, 8, 2564, 220, 16, 198, 71093, 12305, 198, 727, 10562, 17885, 10620, 1590, 198, 262, 413, 2343, 10620, 8, 2564, 220, 16, 198, 71093, 12305, 198, 727, 10562, 17885, 10620, 1590, 198, 262, 413, 2343, 10620, 8, 2564, 220, 16, 248046]
=== A1-off ===
prefill in 0.08s (329.5 tok/s)
emitted: 90 tokens in 0.72s  (125.39 tok/s)
cycles: 14  committed: 103  accepted: 75  τ=5.357  mean_committed=7.357
decode_tokens_emitted: 90
decode_secs: 0.7178
decode_tok_s: 125.39
decode_tau: 5.3571
accept_rate (accepted / (cycles × (B-1))): 0.357
seed-oracle: cycles=14 full_accept=5 mean_accept_len=5.357 | rej_match=0.000 tail_match=0.000 anypos_match=0.286
DFlash tokens: [71093, 12305, 198, 727, 10562, 17885, 10620, 1590, 198, 262, 413, 2343, 10620, 8, 2564, 220, 16, 198, 71093, 12305, 198, 727, 10562, 17885, 10620, 1590, 198, 262, 413, 2343, 10620, 8, 2564, 220, 16, 198, 71093, 12305, 198, 727, 10562, 17885, 10620, 1590, 198, 262, 413, 2343, 10620, 8, 2564, 220, 16, 198, 71093, 12305, 198, 727, 10562, 17885, 10620, 1590, 198, 262, 413, 2343, 10620, 8, 2564, 220, 16, 198, 71093, 12305, 198, 727, 10562, 17885, 10620, 1590, 198, 262, 413, 2343, 10620, 8, 2564, 220, 16, 248046]
token_sha_short: d3641b29
--- tail ---
histogram: [(0, 9), (1, 0), (2, 0), (3, 0), (4, 0), (5, 0), (6, 0), (7, 0), (8, 0), (9, 0), (10, 0), (11, 0), (12, 0), (13, 0), (14, 0), (15, 5), (16, 0)]
seed-oracle: cycles=14 full_accept=5 mean_accept_len=5.357 | rej_match=0.000 tail_match=0.000 anypos_match=0.286
DFlash tokens: [71093, 12305, 198, 727, 10562, 17885, 10620, 1590, 198, 262, 413, 2343, 10620, 8, 2564, 220, 16, 198, 71093, 12305, 198, 727, 10562, 17885, 10620, 1590, 198, 262, 413, 2343, 10620, 8, 2564, 220, 16, 198, 71093, 12305, 198, 727, 10562, 17885, 10620, 1590, 198, 262, 413, 2343, 10620, 8, 2564, 220, 16, 198, 71093, 12305, 198, 727, 10562, 17885, 10620, 1590, 198, 262, 413, 2343, 10620, 8, 2564, 220, 16, 198, 71093, 12305, 198, 727, 10562, 17885, 10620, 1590, 198, 262, 413, 2343, 10620, 8, 2564, 220, 16, 248046]
=== A1-off ===
prefill in 0.08s (334.0 tok/s)
emitted: 90 tokens in 0.74s  (121.96 tok/s)
cycles: 14  committed: 103  accepted: 75  τ=5.357  mean_committed=7.357
decode_tokens_emitted: 90
decode_secs: 0.7380
decode_tok_s: 121.96
decode_tau: 5.3571
accept_rate (accepted / (cycles × (B-1))): 0.357
seed-oracle: cycles=14 full_accept=5 mean_accept_len=5.357 | rej_match=0.000 tail_match=0.000 anypos_match=0.286
DFlash tokens: [71093, 12305, 198, 727, 10562, 17885, 10620, 1590, 198, 262, 413, 2343, 10620, 8, 2564, 220, 16, 198, 71093, 12305, 198, 727, 10562, 17885, 10620, 1590, 198, 262, 413, 2343, 10620, 8, 2564, 220, 16, 198, 71093, 12305, 198, 727, 10562, 17885, 10620, 1590, 198, 262, 413, 2343, 10620, 8, 2564, 220, 16, 198, 71093, 12305, 198, 727, 10562, 17885, 10620, 1590, 198, 262, 413, 2343, 10620, 8, 2564, 220, 16, 198, 71093, 12305, 198, 727, 10562, 17885, 10620, 1590, 198, 262, 413, 2343, 10620, 8, 2564, 220, 16, 248046]
token_sha_short: d3641b29
--- tail ---
histogram: [(0, 9), (1, 0), (2, 0), (3, 0), (4, 0), (5, 0), (6, 0), (7, 0), (8, 0), (9, 0), (10, 0), (11, 0), (12, 0), (13, 0), (14, 0), (15, 5), (16, 0)]
seed-oracle: cycles=14 full_accept=5 mean_accept_len=5.357 | rej_match=0.000 tail_match=0.000 anypos_match=0.286
DFlash tokens: [71093, 12305, 198, 727, 10562, 17885, 10620, 1590, 198, 262, 413, 2343, 10620, 8, 2564, 220, 16, 198, 71093, 12305, 198, 727, 10562, 17885, 10620, 1590, 198, 262, 413, 2343, 10620, 8, 2564, 220, 16, 198, 71093, 12305, 198, 727, 10562, 17885, 10620, 1590, 198, 262, 413, 2343, 10620, 8, 2564, 220, 16, 198, 71093, 12305, 198, 727, 10562, 17885, 10620, 1590, 198, 262, 413, 2343, 10620, 8, 2564, 220, 16, 198, 71093, 12305, 198, 727, 10562, 17885, 10620, 1590, 198, 262, 413, 2343, 10620, 8, 2564, 220, 16, 248046]
=== B2-on ===
prefill in 0.08s (327.7 tok/s)
emitted: 90 tokens in 2.13s  (42.30 tok/s)
cycles: 14  committed: 103  accepted: 75  τ=5.357  mean_committed=7.357
decode_tokens_emitted: 90
decode_secs: 2.1279
decode_tok_s: 42.30
decode_tau: 5.3571
accept_rate (accepted / (cycles × (B-1))): 0.357
seed-oracle: cycles=14 full_accept=5 mean_accept_len=5.357 | rej_match=0.000 tail_match=0.000 anypos_match=0.286
DFlash tokens: [71093, 12305, 198, 727, 10562, 17885, 10620, 1590, 198, 262, 413, 2343, 10620, 8, 2564, 220, 16, 198, 71093, 12305, 198, 727, 10562, 17885, 10620, 1590, 198, 262, 413, 2343, 10620, 8, 2564, 220, 16, 198, 71093, 12305, 198, 727, 10562, 17885, 10620, 1590, 198, 262, 413, 2343, 10620, 8, 2564, 220, 16, 198, 71093, 12305, 198, 727, 10562, 17885, 10620, 1590, 198, 262, 413, 2343, 10620, 8, 2564, 220, 16, 198, 71093, 12305, 198, 727, 10562, 17885, 10620, 1590, 198, 262, 413, 2343, 10620, 8, 2564, 220, 16, 248046]
token_sha_short: d3641b29
--- tail ---
histogram: [(0, 9), (1, 0), (2, 0), (3, 0), (4, 0), (5, 0), (6, 0), (7, 0), (8, 0), (9, 0), (10, 0), (11, 0), (12, 0), (13, 0), (14, 0), (15, 5), (16, 0)]
seed-oracle: cycles=14 full_accept=5 mean_accept_len=5.357 | rej_match=0.000 tail_match=0.000 anypos_match=0.286
DFlash tokens: [71093, 12305, 198, 727, 10562, 17885, 10620, 1590, 198, 262, 413, 2343, 10620, 8, 2564, 220, 16, 198, 71093, 12305, 198, 727, 10562, 17885, 10620, 1590, 198, 262, 413, 2343, 10620, 8, 2564, 220, 16, 198, 71093, 12305, 198, 727, 10562, 17885, 10620, 1590, 198, 262, 413, 2343, 10620, 8, 2564, 220, 16, 198, 71093, 12305, 198, 727, 10562, 17885, 10620, 1590, 198, 262, 413, 2343, 10620, 8, 2564, 220, 16, 198, 71093, 12305, 198, 727, 10562, 17885, 10620, 1590, 198, 262, 413, 2343, 10620, 8, 2564, 220, 16, 248046]
=== B1-on ===
prefill in 0.08s (329.1 tok/s)
emitted: 90 tokens in 0.70s  (128.14 tok/s)
cycles: 14  committed: 103  accepted: 75  τ=5.357  mean_committed=7.357
decode_tokens_emitted: 90
decode_secs: 0.7023
decode_tok_s: 128.14
decode_tau: 5.3571
accept_rate (accepted / (cycles × (B-1))): 0.357
seed-oracle: cycles=14 full_accept=5 mean_accept_len=5.357 | rej_match=0.000 tail_match=0.000 anypos_match=0.286
DFlash tokens: [71093, 12305, 198, 727, 10562, 17885, 10620, 1590, 198, 262, 413, 2343, 10620, 8, 2564, 220, 16, 198, 71093, 12305, 198, 727, 10562, 17885, 10620, 1590, 198, 262, 413, 2343, 10620, 8, 2564, 220, 16, 198, 71093, 12305, 198, 727, 10562, 17885, 10620, 1590, 198, 262, 413, 2343, 10620, 8, 2564, 220, 16, 198, 71093, 12305, 198, 727, 10562, 17885, 10620, 1590, 198, 262, 413, 2343, 10620, 8, 2564, 220, 16, 198, 71093, 12305, 198, 727, 10562, 17885, 10620, 1590, 198, 262, 413, 2343, 10620, 8, 2564, 220, 16, 248046]
token_sha_short: d3641b29
--- tail ---
histogram: [(0, 9), (1, 0), (2, 0), (3, 0), (4, 0), (5, 0), (6, 0), (7, 0), (8, 0), (9, 0), (10, 0), (11, 0), (12, 0), (13, 0), (14, 0), (15, 5), (16, 0)]
seed-oracle: cycles=14 full_accept=5 mean_accept_len=5.357 | rej_match=0.000 tail_match=0.000 anypos_match=0.286
DFlash tokens: [71093, 12305, 198, 727, 10562, 17885, 10620, 1590, 198, 262, 413, 2343, 10620, 8, 2564, 220, 16, 198, 71093, 12305, 198, 727, 10562, 17885, 10620, 1590, 198, 262, 413, 2343, 10620, 8, 2564, 220, 16, 198, 71093, 12305, 198, 727, 10562, 17885, 10620, 1590, 198, 262, 413, 2343, 10620, 8, 2564, 220, 16, 198, 71093, 12305, 198, 727, 10562, 17885, 10620, 1590, 198, 262, 413, 2343, 10620, 8, 2564, 220, 16, 198, 71093, 12305, 198, 727, 10562, 17885, 10620, 1590, 198, 262, 413, 2343, 10620, 8, 2564, 220, 16, 248046]
=== B1-on ===
prefill in 0.08s (333.0 tok/s)
emitted: 90 tokens in 0.70s  (129.10 tok/s)
cycles: 14  committed: 103  accepted: 75  τ=5.357  mean_committed=7.357
decode_tokens_emitted: 90
decode_secs: 0.6971
decode_tok_s: 129.10
decode_tau: 5.3571
accept_rate (accepted / (cycles × (B-1))): 0.357
seed-oracle: cycles=14 full_accept=5 mean_accept_len=5.357 | rej_match=0.000 tail_match=0.000 anypos_match=0.286
DFlash tokens: [71093, 12305, 198, 727, 10562, 17885, 10620, 1590, 198, 262, 413, 2343, 10620, 8, 2564, 220, 16, 198, 71093, 12305, 198, 727, 10562, 17885, 10620, 1590, 198, 262, 413, 2343, 10620, 8, 2564, 220, 16, 198, 71093, 12305, 198, 727, 10562, 17885, 10620, 1590, 198, 262, 413, 2343, 10620, 8, 2564, 220, 16, 198, 71093, 12305, 198, 727, 10562, 17885, 10620, 1590, 198, 262, 413, 2343, 10620, 8, 2564, 220, 16, 198, 71093, 12305, 198, 727, 10562, 17885, 10620, 1590, 198, 262, 413, 2343, 10620, 8, 2564, 220, 16, 248046]
token_sha_short: d3641b29
--- tail ---
histogram: [(0, 9), (1, 0), (2, 0), (3, 0), (4, 0), (5, 0), (6, 0), (7, 0), (8, 0), (9, 0), (10, 0), (11, 0), (12, 0), (13, 0), (14, 0), (15, 5), (16, 0)]
seed-oracle: cycles=14 full_accept=5 mean_accept_len=5.357 | rej_match=0.000 tail_match=0.000 anypos_match=0.286
DFlash tokens: [71093, 12305, 198, 727, 10562, 17885, 10620, 1590, 198, 262, 413, 2343, 10620, 8, 2564, 220, 16, 198, 71093, 12305, 198, 727, 10562, 17885, 10620, 1590, 198, 262, 413, 2343, 10620, 8, 2564, 220, 16, 198, 71093, 12305, 198, 727, 10562, 17885, 10620, 1590, 198, 262, 413, 2343, 10620, 8, 2564, 220, 16, 198, 71093, 12305, 198, 727, 10562, 17885, 10620, 1590, 198, 262, 413, 2343, 10620, 8, 2564, 220, 16, 198, 71093, 12305, 198, 727, 10562, 17885, 10620, 1590, 198, 262, 413, 2343, 10620, 8, 2564, 220, 16, 248046]
  p3 K=768 n=16 awq=false: producer F16 memcmp ok (12288 words)
  p3 K=768 n=16 awq=false: residual-output memcmp ok (4096 words)
[s4] PASS: all producer + residual-output memcmps exact
=== ROPOFF2 ===
prefill in 0.09s (316.9 tok/s)
emitted: 90 tokens in 0.75s  (120.27 tok/s)
cycles: 14  committed: 103  accepted: 75  τ=5.357  mean_committed=7.357
decode_tokens_emitted: 90
decode_secs: 0.7483
decode_tok_s: 120.27
decode_tau: 5.3571
accept_rate (accepted / (cycles × (B-1))): 0.357
seed-oracle: cycles=14 full_accept=5 mean_accept_len=5.357 | rej_match=0.000 tail_match=0.000 anypos_match=0.286
DFlash tokens: [71093, 12305, 198, 727, 10562, 17885, 10620, 1590, 198, 262, 413, 2343, 10620, 8, 2564, 220, 16, 198, 71093, 12305, 198, 727, 10562, 17885, 10620, 1590, 198, 262, 413, 2343, 10620, 8, 2564, 220, 16, 198, 71093, 12305, 198, 727, 10562, 17885, 10620, 1590, 198, 262, 413, 2343, 10620, 8, 2564, 220, 16, 198, 71093, 12305, 198, 727, 10562, 17885, 10620, 1590, 198, 262, 413, 2343, 10620, 8, 2564, 220, 16, 198, 71093, 12305, 198, 727, 10562, 17885, 10620, 1590, 198, 262, 413, 2343, 10620, 8, 2564, 220, 16, 248046]
token_sha_short: d3641b29
--- tail ---
E0904 00:50:43.007596 1231997 output_stream.cpp:110] Opened result file: prof-s4b-off/s4_domain_stats.csv
W0904 00:50:43.008888 1231997 simple_timer.cpp:55] [rocprofv3] output generation ::     0.030199 sec
W0904 00:50:43.008977 1231997 simple_timer.cpp:55] [rocprofv3] tool finalization ::     0.030306 sec
=== ROPON2 ===
prefill in 0.09s (316.2 tok/s)
emitted: 90 tokens in 0.72s  (124.22 tok/s)
cycles: 14  committed: 103  accepted: 75  τ=5.357  mean_committed=7.357
decode_tokens_emitted: 90
decode_secs: 0.7245
decode_tok_s: 124.22
decode_tau: 5.3571
accept_rate (accepted / (cycles × (B-1))): 0.357
seed-oracle: cycles=14 full_accept=5 mean_accept_len=5.357 | rej_match=0.000 tail_match=0.000 anypos_match=0.286
DFlash tokens: [71093, 12305, 198, 727, 10562, 17885, 10620, 1590, 198, 262, 413, 2343, 10620, 8, 2564, 220, 16, 198, 71093, 12305, 198, 727, 10562, 17885, 10620, 1590, 198, 262, 413, 2343, 10620, 8, 2564, 220, 16, 198, 71093, 12305, 198, 727, 10562, 17885, 10620, 1590, 198, 262, 413, 2343, 10620, 8, 2564, 220, 16, 198, 71093, 12305, 198, 727, 10562, 17885, 10620, 1590, 198, 262, 413, 2343, 10620, 8, 2564, 220, 16, 198, 71093, 12305, 198, 727, 10562, 17885, 10620, 1590, 198, 262, 413, 2343, 10620, 8, 2564, 220, 16, 248046]
token_sha_short: d3641b29
--- tail ---
E0904 00:50:58.720584 1232128 output_stream.cpp:110] Opened result file: prof-s4b-on/s4_domain_stats.csv
W0904 00:50:58.721755 1232128 simple_timer.cpp:55] [rocprofv3] output generation ::     0.027587 sec
W0904 00:50:58.721846 1232128 simple_timer.cpp:55] [rocprofv3] tool finalization ::     0.027704 sec
=== GRAPH2 ===
prefill in 0.08s (329.1 tok/s)
emitted: 90 tokens in 0.70s  (129.01 tok/s)
cycles: 14  committed: 103  accepted: 75  τ=5.357  mean_committed=7.357
decode_tokens_emitted: 90
decode_secs: 0.6976
decode_tok_s: 129.01
decode_tau: 5.3571
accept_rate (accepted / (cycles × (B-1))): 0.357
seed-oracle: cycles=14 full_accept=5 mean_accept_len=5.357 | rej_match=0.000 tail_match=0.000 anypos_match=0.286
DFlash tokens: [71093, 12305, 198, 727, 10562, 17885, 10620, 1590, 198, 262, 413, 2343, 10620, 8, 2564, 220, 16, 198, 71093, 12305, 198, 727, 10562, 17885, 10620, 1590, 198, 262, 413, 2343, 10620, 8, 2564, 220, 16, 198, 71093, 12305, 198, 727, 10562, 17885, 10620, 1590, 198, 262, 413, 2343, 10620, 8, 2564, 220, 16, 198, 71093, 12305, 198, 727, 10562, 17885, 10620, 1590, 198, 262, 413, 2343, 10620, 8, 2564, 220, 16, 198, 71093, 12305, 198, 727, 10562, 17885, 10620, 1590, 198, 262, 413, 2343, 10620, 8, 2564, 220, 16, 248046]
token_sha_short: d3641b29
--- tail ---
histogram: [(0, 9), (1, 0), (2, 0), (3, 0), (4, 0), (5, 0), (6, 0), (7, 0), (8, 0), (9, 0), (10, 0), (11, 0), (12, 0), (13, 0), (14, 0), (15, 5), (16, 0)]
seed-oracle: cycles=14 full_accept=5 mean_accept_len=5.357 | rej_match=0.000 tail_match=0.000 anypos_match=0.286
DFlash tokens: [71093, 12305, 198, 727, 10562, 17885, 10620, 1590, 198, 262, 413, 2343, 10620, 8, 2564, 220, 16, 198, 71093, 12305, 198, 727, 10562, 17885, 10620, 1590, 198, 262, 413, 2343, 10620, 8, 2564, 220, 16, 198, 71093, 12305, 198, 727, 10562, 17885, 10620, 1590, 198, 262, 413, 2343, 10620, 8, 2564, 220, 16, 198, 71093, 12305, 198, 727, 10562, 17885, 10620, 1590, 198, 262, 413, 2343, 10620, 8, 2564, 220, 16, 198, 71093, 12305, 198, 727, 10562, 17885, 10620, 1590, 198, 262, 413, 2343, 10620, 8, 2564, 220, 16, 248046]
